0 0 1.0
0 1 1.148698354997035
0 2 1.3195079107728942
0 3 1.5157165665103982
0 4 1.7411011265922482
0 5 2.0
0 6 2.29739670999407
0 7 2.639015821545789
0 8 3.0314331330207964
0 9 3.482202253184497
0 10 4.0
0 11 4.59479341998814
0 12 5.278031643091578
0 13 6.062866266041593
0 14 6.964404506368994
0 15 8.000000000000002
0 16 9.18958683997628
0 17 10.556063286183155
0 18 12.125732532083186
0 19 13.928809012737988
1 0 2.0
1 1 2.148698354997035
1 2 2.319507910772894
1 3 2.515716566510398
1 4 2.7411011265922482
1 5 3.0
1 6 3.29739670999407
1 7 3.639015821545789
1 8 4.031433133020796
1 9 4.4822022531844965
1 10 5.0
1 11 5.59479341998814
1 12 6.278031643091578
1 13 7.062866266041593
1 14 7.964404506368994
1 15 9.000000000000002
1 16 10.18958683997628
1 17 11.556063286183155
1 18 13.125732532083186
1 19 14.928809012737988
2 0 5.0
2 1 5.148698354997035
2 2 5.319507910772894
2 3 5.515716566510398
2 4 5.741101126592248
2 5 6.0
2 6 6.29739670999407
2 7 6.639015821545788
2 8 7.031433133020796
2 9 7.4822022531844965
2 10 8.0
2 11 8.59479341998814
2 12 9.278031643091577
2 13 10.062866266041592
2 14 10.964404506368993
2 15 12.000000000000002
2 16 13.18958683997628
2 17 14.556063286183155
2 18 16.125732532083184
2 19 17.928809012737986
3 0 10.0
3 1 10.148698354997036
3 2 10.319507910772895
3 3 10.515716566510399
3 4 10.741101126592248
3 5 11.0
3 6 11.29739670999407
3 7 11.639015821545788
3 8 12.031433133020796
3 9 12.482202253184496
3 10 13.0
3 11 13.59479341998814
3 12 14.278031643091577
3 13 15.062866266041592
3 14 15.964404506368993
3 15 17.0
3 16 18.18958683997628
3 17 19.556063286183154
3 18 21.125732532083184
3 19 22.928809012737986
4 0 17.0
4 1 17.148698354997034
4 2 17.319507910772895
4 3 17.5157165665104
4 4 17.74110112659225
4 5 18.0
4 6 18.29739670999407
4 7 18.63901582154579
4 8 19.031433133020798
4 9 19.482202253184496
4 10 20.0
4 11 20.59479341998814
4 12 21.278031643091577
4 13 22.062866266041592
4 14 22.964404506368993
4 15 24.0
4 16 25.18958683997628
4 17 26.556063286183154
4 18 28.125732532083184
4 19 29.928809012737986
5 0 26.0
5 1 26.148698354997034
5 2 26.319507910772895
5 3 26.5157165665104
5 4 26.74110112659225
5 5 27.0
5 6 27.29739670999407
5 7 27.63901582154579
5 8 28.031433133020798
5 9 28.482202253184496
5 10 29.0
5 11 29.59479341998814
5 12 30.278031643091577
5 13 31.062866266041592
5 14 31.964404506368993
5 15 33.0
5 16 34.18958683997628
5 17 35.556063286183154
5 18 37.125732532083184
5 19 38.928809012737986
6 0 37.0
6 1 37.14869835499704
6 2 37.31950791077289
6 3 37.5157165665104
6 4 37.74110112659225
6 5 38.0
6 6 38.29739670999407
6 7 38.63901582154579
6 8 39.0314331330208
6 9 39.4822022531845
6 10 40.0
6 11 40.59479341998814
6 12 41.27803164309158
6 13 42.062866266041596
6 14 42.96440450636899
6 15 44.0
6 16 45.18958683997628
6 17 46.556063286183154
6 18 48.125732532083184
6 19 49.928809012737986
7 0 50.0
7 1 50.14869835499704
7 2 50.31950791077289
7 3 50.5157165665104
7 4 50.74110112659225
7 5 51.0
7 6 51.29739670999407
7 7 51.63901582154579
7 8 52.0314331330208
7 9 52.4822022531845
7 10 53.0
7 11 53.59479341998814
7 12 54.27803164309158
7 13 55.062866266041596
7 14 55.96440450636899
7 15 57.0
7 16 58.18958683997628
7 17 59.556063286183154
7 18 61.125732532083184
7 19 62.928809012737986
8 0 65.0
8 1 65.14869835499704
8 2 65.3195079107729
8 3 65.51571656651039
8 4 65.74110112659224
8 5 66.0
8 6 66.29739670999408
8 7 66.63901582154578
8 8 67.0314331330208
8 9 67.4822022531845
8 10 68.0
8 11 68.59479341998814
8 12 69.27803164309158
8 13 70.0628662660416
8 14 70.964404506369
8 15 72.0
8 16 73.18958683997629
8 17 74.55606328618316
8 18 76.12573253208319
8 19 77.92880901273799
9 0 82.0
9 1 82.14869835499704
9 2 82.3195079107729
9 3 82.51571656651039
9 4 82.74110112659224
9 5 83.0
9 6 83.29739670999408
9 7 83.63901582154578
9 8 84.0314331330208
9 9 84.4822022531845
9 10 85.0
9 11 85.59479341998814
9 12 86.27803164309158
9 13 87.0628662660416
9 14 87.964404506369
9 15 89.0
9 16 90.18958683997629
9 17 91.55606328618316
9 18 93.12573253208319
9 19 94.92880901273799
10 0 101.0
10 1 101.14869835499704
10 2 101.3195079107729
10 3 101.51571656651039
10 4 101.74110112659224
10 5 102.0
10 6 102.29739670999408
10 7 102.63901582154578
10 8 103.0314331330208
10 9 103.4822022531845
10 10 104.0
10 11 104.59479341998814
10 12 105.27803164309158
10 13 106.0628662660416
10 14 106.964404506369
10 15 108.0
10 16 109.18958683997629
10 17 110.55606328618316
10 18 112.12573253208319
10 19 113.92880901273799
11 0 122.0
11 1 122.14869835499704
11 2 122.3195079107729
11 3 122.51571656651039
11 4 122.74110112659224
11 5 123.0
11 6 123.29739670999408
11 7 123.63901582154578
11 8 124.0314331330208
11 9 124.4822022531845
11 10 125.0
11 11 125.59479341998814
11 12 126.27803164309158
11 13 127.0628662660416
11 14 127.964404506369
11 15 129.0
11 16 130.18958683997627
11 17 131.55606328618316
11 18 133.1257325320832
11 19 134.928809012738
12 0 145.0
12 1 145.14869835499704
12 2 145.3195079107729
12 3 145.5157165665104
12 4 145.74110112659224
12 5 146.0
12 6 146.29739670999408
12 7 146.6390158215458
12 8 147.03143313302078
12 9 147.4822022531845
12 10 148.0
12 11 148.59479341998815
12 12 149.27803164309157
12 13 150.0628662660416
12 14 150.964404506369
12 15 152.0
12 16 153.18958683997627
12 17 154.55606328618316
12 18 156.1257325320832
12 19 157.928809012738
13 0 170.0
13 1 170.14869835499704
13 2 170.3195079107729
13 3 170.5157165665104
13 4 170.74110112659224
13 5 171.0
13 6 171.29739670999408
13 7 171.6390158215458
13 8 172.03143313302078
13 9 172.4822022531845
13 10 173.0
13 11 173.59479341998815
13 12 174.27803164309157
13 13 175.0628662660416
13 14 175.964404506369
13 15 177.0
13 16 178.18958683997627
13 17 179.55606328618316
13 18 181.1257325320832
13 19 182.928809012738
14 0 197.0
14 1 197.14869835499704
14 2 197.3195079107729
14 3 197.5157165665104
14 4 197.74110112659224
14 5 198.0
14 6 198.29739670999408
14 7 198.6390158215458
14 8 199.03143313302078
14 9 199.4822022531845
14 10 200.0
14 11 200.59479341998815
14 12 201.27803164309157
14 13 202.0628662660416
14 14 202.964404506369
14 15 204.0
14 16 205.18958683997627
14 17 206.55606328618316
14 18 208.1257325320832
14 19 209.928809012738
15 0 226.0
15 1 226.14869835499704
15 2 226.3195079107729
15 3 226.5157165665104
15 4 226.74110112659224
15 5 227.0
15 6 227.29739670999408
15 7 227.6390158215458
15 8 228.03143313302078
15 9 228.4822022531845
15 10 229.0
15 11 229.59479341998815
15 12 230.27803164309157
15 13 231.0628662660416
15 14 231.964404506369
15 15 233.0
15 16 234.18958683997627
15 17 235.55606328618316
15 18 237.1257325320832
15 19 238.928809012738
16 0 257.0
16 1 257.148698354997
16 2 257.31950791077287
16 3 257.5157165665104
16 4 257.74110112659224
16 5 258.0
16 6 258.2973967099941
16 7 258.6390158215458
16 8 259.0314331330208
16 9 259.4822022531845
16 10 260.0
16 11 260.59479341998815
16 12 261.2780316430916
16 13 262.06286626604157
16 14 262.964404506369
16 15 264.0
16 16 265.1895868399763
16 17 266.55606328618313
16 18 268.1257325320832
16 19 269.928809012738
17 0 290.0
17 1 290.148698354997
17 2 290.31950791077287
17 3 290.5157165665104
17 4 290.74110112659224
17 5 291.0
17 6 291.2973967099941
17 7 291.6390158215458
17 8 292.0314331330208
17 9 292.4822022531845
17 10 293.0
17 11 293.59479341998815
17 12 294.2780316430916
17 13 295.06286626604157
17 14 295.964404506369
17 15 297.0
17 16 298.1895868399763
17 17 299.55606328618313
17 18 301.1257325320832
17 19 302.928809012738
18 0 325.0
18 1 325.148698354997
18 2 325.31950791077287
18 3 325.5157165665104
18 4 325.74110112659224
18 5 326.0
18 6 326.2973967099941
18 7 326.6390158215458
18 8 327.0314331330208
18 9 327.4822022531845
18 10 328.0
18 11 328.59479341998815
18 12 329.2780316430916
18 13 330.06286626604157
18 14 330.964404506369
18 15 332.0
18 16 333.1895868399763
18 17 334.55606328618313
18 18 336.1257325320832
18 19 337.928809012738
19 0 362.0
19 1 362.148698354997
19 2 362.31950791077287
19 3 362.5157165665104
19 4 362.74110112659224
19 5 363.0
19 6 363.2973967099941
19 7 363.6390158215458
19 8 364.0314331330208
19 9 364.4822022531845
19 10 365.0
19 11 365.59479341998815
19 12 366.2780316430916
19 13 367.06286626604157
19 14 367.964404506369
19 15 369.0
19 16 370.1895868399763
19 17 371.55606328618313
19 18 373.1257325320832
19 19 374.928809012738
