0.1 0.010000000000000002
0.2 0.04000000000000001
0.3 0.09
0.4 0.16000000000000003
0.5 0.25
0.6 0.36
0.7 0.48999999999999994
0.8 0.6400000000000001
0.9 0.81
1.0 1.0
1.1 1.2100000000000002
1.2 1.44
1.3 1.6900000000000002
1.4 1.9599999999999997
1.5 2.25
1.6 2.5600000000000005
1.7 2.8899999999999997
1.8 3.24
1.9 3.61
2.0 4.0
2.1 4.41
2.2 4.840000000000001
2.3 5.289999999999999
2.4 5.76
2.5 6.25
2.6 6.760000000000001
2.7 7.290000000000001
2.8 7.839999999999999
2.9 8.41
3.0 9.0
3.1 9.610000000000001
3.2 10.240000000000002
3.3 10.889999999999999
3.4 11.559999999999999
3.5 12.25
3.6 12.96
3.7 13.690000000000001
3.8 14.44
3.9 15.209999999999999
4.0 16.0
4.1 16.81
4.2 17.64
4.3 18.49
4.4 19.360000000000003
4.5 20.25
4.6 21.159999999999997
4.7 22.090000000000003
4.8 23.04
4.9 24.010000000000005
5.0 25.0
5.1 26.009999999999998
5.2 27.040000000000003
5.3 28.09
5.4 29.160000000000004
5.5 30.25
5.6 31.359999999999996
5.7 32.49
5.8 33.64
5.9 34.81
6.0 36.0
6.1 37.209999999999994
6.2 38.440000000000005
6.3 39.69
6.4 40.96000000000001
6.5 42.25
6.6 43.559999999999995
6.7 44.89
6.8 46.239999999999995
6.9 47.61000000000001
7.0 49.0
7.1 50.41
7.2 51.84
7.3 53.29
7.4 54.760000000000005
7.5 56.25
7.6 57.76
7.7 59.290000000000006
7.8 60.839999999999996
7.9 62.410000000000004
8.0 64.0
8.1 65.61
8.2 67.24
8.3 68.89000000000001
8.4 70.56
8.5 72.25
8.6 73.96
8.7 75.68999999999998
8.8 77.44000000000001
8.9 79.21000000000001
9.0 81.0
9.1 82.80999999999999
9.2 84.63999999999999
9.3 86.49000000000001
9.4 88.36000000000001
9.5 90.25
9.6 92.16
9.7 94.08999999999999
9.8 96.04000000000002
9.9 98.01
10.0 100.0
10.1 102.00999999999999
10.2 104.03999999999999
10.3 106.09000000000002
10.4 108.16000000000001
10.5 110.25
10.6 112.36
10.7 114.48999999999998
10.8 116.64000000000001
10.9 118.81
11.0 121.0
11.1 123.21
11.2 125.43999999999998
11.3 127.69000000000001
11.4 129.96
11.5 132.25
11.6 134.56
11.7 136.89
11.8 139.24
11.9 141.61
12.0 144.0
12.1 146.41
12.2 148.83999999999997
12.3 151.29000000000002
12.4 153.76000000000002
12.5 156.25
12.6 158.76
12.7 161.29
12.8 163.84000000000003
12.9 166.41
13.0 169.0
13.1 171.60999999999999
13.2 174.23999999999998
13.3 176.89000000000001
13.4 179.56
13.5 182.25
13.6 184.95999999999998
13.7 187.68999999999997
13.8 190.44000000000003
13.9 193.21
14.0 196.0
14.1 198.81
14.2 201.64
14.3 204.49
14.4 207.36
14.5 210.25
14.6 213.16
14.7 216.08999999999997
14.8 219.04000000000002
14.9 222.01000000000002
15.0 225.0
15.1 228.01
15.2 231.04
15.3 234.09000000000003
15.4 237.16000000000003
15.5 240.25
15.6 243.35999999999999
15.7 246.48999999999998
15.8 249.64000000000001
15.9 252.81
16.0 256.0
16.1 259.21000000000004
16.2 262.44
16.3 265.69
16.4 268.96
16.5 272.25
16.6 275.56000000000006
16.7 278.89
16.8 282.24
16.9 285.60999999999996
17.0 289.0
17.1 292.41
17.2 295.84
17.3 299.29
17.4 302.75999999999993
17.5 306.25
17.6 309.76000000000005
17.7 313.28999999999996
17.8 316.84000000000003
17.9 320.40999999999997
18.0 324.0
18.1 327.61000000000007
18.2 331.23999999999995
18.3 334.89000000000004
18.4 338.55999999999995
18.5 342.25
18.6 345.96000000000004
18.7 349.69
18.8 353.44000000000005
18.9 357.2099999999999
19.0 361.0
19.1 364.81000000000006
19.2 368.64
19.3 372.49
19.4 376.35999999999996
19.5 380.25
19.6 384.1600000000001
19.7 388.09
19.8 392.04
19.9 396.00999999999993
20.0 400.0
20.1 404.01000000000005
20.2 408.03999999999996
20.3 412.09000000000003
20.4 416.15999999999997
20.5 420.25
20.6 424.36000000000007
20.7 428.48999999999995
20.8 432.64000000000004
20.9 436.80999999999995
21.0 441.0
21.1 445.21000000000004
21.2 449.44
21.3 453.69000000000005
21.4 457.9599999999999
21.5 462.25
21.6 466.56000000000006
21.7 470.89
21.8 475.24
21.9 479.60999999999996
22.0 484.0
22.1 488.4100000000001
22.2 492.84
22.3 497.29
22.4 501.75999999999993
22.5 506.25
22.6 510.76000000000005
22.7 515.29
22.8 519.84
22.9 524.41
23.0 529.0
23.1 533.61
23.2 538.24
23.3 542.89
23.4 547.56
23.5 552.25
23.6 556.96
23.7 561.6899999999999
23.8 566.44
23.9 571.2099999999999
24.0 576.0
24.1 580.8100000000001
24.2 585.64
24.3 590.49
24.4 595.3599999999999
24.5 600.25
24.6 605.1600000000001
24.7 610.0899999999999
24.8 615.0400000000001
24.9 620.0099999999999
25.0 625.0
25.1 630.0100000000001
25.2 635.04
25.3 640.09
25.4 645.16
25.5 650.25
25.6 655.3600000000001
25.7 660.49
25.8 665.64
25.9 670.81
26.0 676.0
26.1 681.21
26.2 686.4399999999999
26.3 691.69
26.4 696.9599999999999
26.5 702.25
26.6 707.5600000000001
26.7 712.89
26.8 718.24
26.9 723.6099999999999
27.0 729.0
27.1 734.4100000000001
27.2 739.8399999999999
27.3 745.2900000000001
27.4 750.7599999999999
27.5 756.25
27.6 761.7600000000001
27.7 767.29
27.8 772.84
27.9 778.41
28.0 784.0
28.1 789.6100000000001
28.2 795.24
28.3 800.89
28.4 806.56
28.5 812.25
28.6 817.96
28.7 823.6899999999999
28.8 829.44
28.9 835.2099999999999
29.0 841.0
29.1 846.8100000000001
29.2 852.64
29.3 858.49
29.4 864.3599999999999
29.5 870.25
29.6 876.1600000000001
29.7 882.0899999999999
29.8 888.0400000000001
29.9 894.0099999999999
30.0 900.0
30.1 906.0100000000001
30.2 912.04
30.3 918.09
30.4 924.16
30.5 930.25
30.6 936.3600000000001
30.7 942.49
30.8 948.6400000000001
30.9 954.81
31.0 961.0
31.1 967.21
31.2 973.4399999999999
31.3 979.69
31.4 985.9599999999999
31.5 992.25
31.6 998.5600000000001
31.7 1004.89
31.8 1011.24
31.9 1017.6099999999999
32.0 1024.0
32.1 1030.41
32.2 1036.8400000000001
32.3 1043.2899999999997
32.4 1049.76
32.5 1056.25
32.6 1062.76
32.7 1069.2900000000002
32.8 1075.84
32.9 1082.4099999999999
33.0 1089.0
33.1 1095.6100000000001
33.2 1102.2400000000002
33.3 1108.8899999999999
33.4 1115.56
33.5 1122.25
33.6 1128.96
33.7 1135.6900000000003
33.8 1142.4399999999998
33.9 1149.2099999999998
34.0 1156.0
34.1 1162.8100000000002
34.2 1169.64
34.3 1176.4899999999998
34.4 1183.36
34.5 1190.25
34.6 1197.16
34.7 1204.0900000000001
34.8 1211.0399999999997
34.9 1218.01
35.0 1225.0
35.1 1232.01
35.2 1239.0400000000002
35.3 1246.0899999999997
35.4 1253.1599999999999
35.5 1260.25
35.6 1267.3600000000001
35.7 1274.4900000000002
35.8 1281.6399999999999
35.9 1288.81
36.0 1296.0
36.1 1303.21
36.2 1310.4400000000003
36.3 1317.6899999999998
36.4 1324.9599999999998
36.5 1332.25
36.6 1339.5600000000002
36.7 1346.89
36.8 1354.2399999999998
36.9 1361.61
37.0 1369.0
37.1 1376.41
37.2 1383.8400000000001
37.3 1391.2899999999997
37.4 1398.76
37.5 1406.25
37.6 1413.7600000000002
37.7 1421.2900000000002
37.8 1428.8399999999997
37.9 1436.4099999999999
38.0 1444.0
38.1 1451.6100000000001
38.2 1459.2400000000002
38.3 1466.8899999999999
38.4 1474.56
38.5 1482.25
38.6 1489.96
38.7 1497.6900000000003
38.8 1505.4399999999998
38.9 1513.2099999999998
39.0 1521.0
39.1 1528.8100000000002
39.2 1536.6400000000003
39.3 1544.4899999999998
39.4 1552.36
39.5 1560.25
39.6 1568.16
39.7 1576.0900000000001
39.8 1584.0399999999997
39.9 1592.01
40.0 1600.0
40.1 1608.0100000000002
40.2 1616.0400000000002
40.3 1624.0899999999997
40.4 1632.1599999999999
40.5 1640.25
40.6 1648.3600000000001
40.7 1656.4900000000002
40.8 1664.6399999999999
40.9 1672.81
41.0 1681.0
41.1 1689.21
41.2 1697.4400000000003
41.3 1705.6899999999998
41.4 1713.9599999999998
41.5 1722.25
41.6 1730.5600000000002
41.7 1738.8900000000003
41.8 1747.2399999999998
41.9 1755.61
42.0 1764.0
42.1 1772.41
42.2 1780.8400000000001
42.3 1789.2899999999997
42.4 1797.76
42.5 1806.25
42.6 1814.7600000000002
42.7 1823.2900000000002
42.8 1831.8399999999997
42.9 1840.4099999999999
43.0 1849.0
43.1 1857.6100000000001
43.2 1866.2400000000002
43.3 1874.8899999999996
43.4 1883.56
43.5 1892.25
43.6 1900.96
43.7 1909.6900000000003
43.8 1918.4399999999998
43.9 1927.2099999999998
44.0 1936.0
44.1 1944.8100000000002
44.2 1953.6400000000003
44.3 1962.4899999999998
44.4 1971.36
44.5 1980.25
44.6 1989.16
44.7 1998.0900000000001
44.8 2007.0399999999997
44.9 2016.0099999999998
45.0 2025.0
45.1 2034.0100000000002
45.2 2043.0400000000002
45.3 2052.0899999999997
45.4 2061.16
45.5 2070.25
45.6 2079.36
45.7 2088.4900000000002
45.8 2097.64
45.9 2106.81
46.0 2116.0
46.1 2125.21
46.2 2134.44
46.3 2143.6899999999996
46.4 2152.96
46.5 2162.25
46.6 2171.56
46.7 2180.8900000000003
46.8 2190.24
46.9 2199.6099999999997
47.0 2209.0
47.1 2218.4100000000003
47.2 2227.84
47.3 2237.2899999999995
47.4 2246.7599999999998
47.5 2256.25
47.6 2265.76
47.7 2275.2900000000004
47.8 2284.8399999999997
47.9 2294.41
48.0 2304.0
48.1 2313.61
48.2 2323.2400000000002
48.3 2332.89
48.4 2342.56
48.5 2352.25
48.6 2361.96
48.7 2371.69
48.8 2381.4399999999996
48.9 2391.21
49.0 2401.0
49.1 2410.81
49.2 2420.6400000000003
49.3 2430.49
49.4 2440.3599999999997
49.5 2450.25
49.6 2460.1600000000003
49.7 2470.09
49.8 2480.0399999999995
49.9 2490.0099999999998
50.0 2500.0
50.1 2510.01
50.2 2520.0400000000004
50.3 2530.0899999999997
50.4 2540.16
50.5 2550.25
50.6 2560.36
50.7 2570.4900000000002
50.8 2580.64
50.9 2590.81
51.0 2601.0
51.1 2611.21
51.2 2621.4400000000005
51.3 2631.6899999999996
51.4 2641.96
51.5 2652.25
51.6 2662.56
51.7 2672.8900000000003
51.8 2683.24
51.9 2693.6099999999997
52.0 2704.0
52.1 2714.4100000000003
52.2 2724.84
52.3 2735.2899999999995
52.4 2745.7599999999998
52.5 2756.25
52.6 2766.76
52.7 2777.2900000000004
52.8 2787.8399999999997
52.9 2798.41
53.0 2809.0
53.1 2819.61
53.2 2830.2400000000002
53.3 2840.89
53.4 2851.56
53.5 2862.25
53.6 2872.96
53.7 2883.6900000000005
53.8 2894.4399999999996
53.9 2905.21
54.0 2916.0
54.1 2926.81
54.2 2937.6400000000003
54.3 2948.49
54.4 2959.3599999999997
54.5 2970.25
54.6 2981.1600000000003
54.7 2992.09
54.8 3003.0399999999995
54.9 3014.0099999999998
55.0 3025.0
55.1 3036.01
55.2 3047.0400000000004
55.3 3058.0899999999997
55.4 3069.16
55.5 3080.25
55.6 3091.36
55.7 3102.4900000000002
55.8 3113.64
55.9 3124.81
56.0 3136.0
56.1 3147.21
56.2 3158.4400000000005
56.3 3169.6899999999996
56.4 3180.96
56.5 3192.25
56.6 3203.56
56.7 3214.8900000000003
56.8 3226.24
56.9 3237.6099999999997
57.0 3249.0
57.1 3260.4100000000003
57.2 3271.84
57.3 3283.2899999999995
57.4 3294.7599999999998
57.5 3306.25
57.6 3317.76
57.7 3329.2900000000004
57.8 3340.8399999999997
57.9 3352.41
58.0 3364.0
58.1 3375.61
58.2 3387.2400000000002
58.3 3398.89
58.4 3410.56
58.5 3422.25
58.6 3433.96
58.7 3445.6900000000005
58.8 3457.4399999999996
58.9 3469.21
59.0 3481.0
59.1 3492.81
59.2 3504.6400000000003
59.3 3516.49
59.4 3528.3599999999997
59.5 3540.25
59.6 3552.1600000000003
59.7 3564.09
59.8 3576.0399999999995
59.9 3588.0099999999998
60.0 3600.0
60.1 3612.01
60.2 3624.0400000000004
60.3 3636.0899999999997
60.4 3648.16
60.5 3660.25
60.6 3672.36
60.7 3684.4900000000002
60.8 3696.64
60.9 3708.81
61.0 3721.0
61.1 3733.21
61.2 3745.4400000000005
61.3 3757.6899999999996
61.4 3769.96
61.5 3782.25
61.6 3794.5600000000004
61.7 3806.8900000000003
61.8 3819.24
61.9 3831.6099999999997
62.0 3844.0
62.1 3856.4100000000003
62.2 3868.84
62.3 3881.2899999999995
62.4 3893.7599999999998
62.5 3906.25
62.6 3918.76
62.7 3931.2900000000004
62.8 3943.8399999999997
62.9 3956.41
63.0 3969.0
63.1 3981.61
63.2 3994.2400000000002
63.3 4006.8899999999994
63.4 4019.56
63.5 4032.25
63.6 4044.96
63.7 4057.6900000000005
63.8 4070.4399999999996
63.9 4083.21
64.0 4096.0
64.1 4108.8099999999995
64.2 4121.64
64.3 4134.49
64.4 4147.360000000001
64.5 4160.25
64.6 4173.159999999999
64.7 4186.09
64.8 4199.04
64.9 4212.010000000001
65.0 4225.0
65.1 4238.009999999999
65.2 4251.04
65.3 4264.089999999999
65.4 4277.160000000001
65.5 4290.25
65.6 4303.36
65.7 4316.490000000001
65.8 4329.639999999999
65.9 4342.81
66.0 4356.0
66.1 4369.209999999999
66.2 4382.4400000000005
66.3 4395.69
66.4 4408.960000000001
66.5 4422.25
66.6 4435.5599999999995
66.7 4448.89
66.8 4462.24
66.9 4475.610000000001
67.0 4489.0
67.1 4502.409999999999
67.2 4515.84
67.3 4529.29
67.4 4542.760000000001
67.5 4556.25
67.6 4569.759999999999
67.7 4583.29
67.8 4596.839999999999
67.9 4610.410000000001
68.0 4624.0
68.1 4637.61
68.2 4651.240000000001
68.3 4664.889999999999
68.4 4678.56
68.5 4692.25
68.6 4705.959999999999
68.7 4719.6900000000005
68.8 4733.44
68.9 4747.210000000001
69.0 4761.0
69.1 4774.8099999999995
69.2 4788.64
69.3 4802.49
69.4 4816.360000000001
69.5 4830.25
69.6 4844.159999999999
69.7 4858.09
69.8 4872.04
69.9 4886.010000000001
70.0 4900.0
70.1 4914.009999999999
70.2 4928.04
70.3 4942.089999999999
70.4 4956.160000000001
70.5 4970.25
70.6 4984.359999999999
70.7 4998.490000000001
70.8 5012.639999999999
70.9 5026.81
71.0 5041.0
71.1 5055.209999999999
71.2 5069.4400000000005
71.3 5083.69
71.4 5097.960000000001
71.5 5112.25
71.6 5126.5599999999995
71.7 5140.89
71.8 5155.24
71.9 5169.610000000001
72.0 5184.0
72.1 5198.409999999999
72.2 5212.84
72.3 5227.29
72.4 5241.760000000001
72.5 5256.25
72.6 5270.759999999999
72.7 5285.29
72.8 5299.839999999999
72.9 5314.410000000001
73.0 5329.0
73.1 5343.609999999999
73.2 5358.240000000001
73.3 5372.889999999999
73.4 5387.56
73.5 5402.25
73.6 5416.959999999999
73.7 5431.6900000000005
73.8 5446.44
73.9 5461.210000000001
74.0 5476.0
74.1 5490.8099999999995
74.2 5505.64
74.3 5520.49
74.4 5535.360000000001
74.5 5550.25
74.6 5565.159999999999
74.7 5580.09
74.8 5595.04
74.9 5610.010000000001
75.0 5625.0
75.1 5640.009999999999
75.2 5655.040000000001
75.3 5670.089999999999
75.4 5685.160000000001
75.5 5700.25
75.6 5715.359999999999
75.7 5730.490000000001
75.8 5745.639999999999
75.9 5760.810000000001
76.0 5776.0
76.1 5791.209999999999
76.2 5806.4400000000005
76.3 5821.69
76.4 5836.960000000001
76.5 5852.25
76.6 5867.5599999999995
76.7 5882.89
76.8 5898.24
76.9 5913.610000000001
77.0 5929.0
77.1 5944.409999999999
77.2 5959.84
77.3 5975.29
77.4 5990.760000000001
77.5 6006.25
77.6 6021.759999999999
77.7 6037.290000000001
77.8 6052.839999999999
77.9 6068.410000000001
78.0 6084.0
78.1 6099.609999999999
78.2 6115.240000000001
78.3 6130.889999999999
78.4 6146.560000000001
78.5 6162.25
78.6 6177.959999999999
78.7 6193.6900000000005
78.8 6209.44
78.9 6225.210000000001
79.0 6241.0
79.1 6256.8099999999995
79.2 6272.64
79.3 6288.49
79.4 6304.360000000001
79.5 6320.25
79.6 6336.159999999999
79.7 6352.09
79.8 6368.04
79.9 6384.010000000001
80.0 6400.0
80.1 6416.009999999999
80.2 6432.040000000001
80.3 6448.089999999999
80.4 6464.160000000001
80.5 6480.25
80.6 6496.359999999999
80.7 6512.490000000001
80.8 6528.639999999999
80.9 6544.810000000001
81.0 6561.0
81.1 6577.209999999999
81.2 6593.4400000000005
81.3 6609.69
81.4 6625.960000000001
81.5 6642.25
81.6 6658.5599999999995
81.7 6674.89
81.8 6691.24
81.9 6707.610000000001
82.0 6724.0
82.1 6740.409999999999
82.2 6756.84
82.3 6773.29
82.4 6789.760000000001
82.5 6806.25
82.6 6822.759999999999
82.7 6839.290000000001
82.8 6855.839999999999
82.9 6872.410000000001
83.0 6889.0
83.1 6905.609999999999
83.2 6922.240000000001
83.3 6938.889999999999
83.4 6955.560000000001
83.5 6972.25
83.6 6988.959999999999
83.7 7005.6900000000005
83.8 7022.44
83.9 7039.210000000001
84.0 7056.0
84.1 7072.8099999999995
84.2 7089.64
84.3 7106.49
84.4 7123.360000000001
84.5 7140.25
84.6 7157.159999999999
84.7 7174.09
84.8 7191.04
84.9 7208.010000000001
85.0 7225.0
85.1 7242.009999999999
85.2 7259.040000000001
85.3 7276.089999999999
85.4 7293.160000000001
85.5 7310.25
85.6 7327.359999999999
85.7 7344.490000000001
85.8 7361.639999999999
85.9 7378.810000000001
86.0 7396.0
86.1 7413.209999999999
86.2 7430.4400000000005
86.3 7447.69
86.4 7464.960000000001
86.5 7482.25
86.6 7499.559999999999
86.7 7516.89
86.8 7534.24
86.9 7551.610000000001
87.0 7569.0
87.1 7586.409999999999
87.2 7603.84
87.3 7621.289999999999
87.4 7638.760000000001
87.5 7656.25
87.6 7673.759999999999
87.7 7691.290000000001
87.8 7708.839999999999
87.9 7726.410000000001
88.0 7744.0
88.1 7761.609999999999
88.2 7779.240000000001
88.3 7796.889999999999
88.4 7814.560000000001
88.5 7832.25
88.6 7849.959999999999
88.7 7867.6900000000005
88.8 7885.44
88.9 7903.210000000001
89.0 7921.0
89.1 7938.809999999999
89.2 7956.64
89.3 7974.49
89.4 7992.360000000001
89.5 8010.25
89.6 8028.159999999999
89.7 8046.09
89.8 8064.039999999999
89.9 8082.010000000001
90.0 8100.0
90.1 8118.009999999999
90.2 8136.040000000001
90.3 8154.089999999999
90.4 8172.160000000001
90.5 8190.25
90.6 8208.359999999999
90.7 8226.49
90.8 8244.64
90.9 8262.810000000001
91.0 8281.0
91.1 8299.21
91.2 8317.44
91.3 8335.689999999999
91.4 8353.960000000001
91.5 8372.25
91.6 8390.56
91.7 8408.890000000001
91.8 8427.24
91.9 8445.61
92.0 8464.0
92.1 8482.41
92.2 8500.84
92.3 8519.289999999999
92.4 8537.76
92.5 8556.25
92.6 8574.759999999998
92.7 8593.29
92.8 8611.84
92.9 8630.410000000002
93.0 8649.0
93.1 8667.609999999999
93.2 8686.24
93.3 8704.89
93.4 8723.560000000001
93.5 8742.25
93.6 8760.96
93.7 8779.69
93.8 8798.439999999999
93.9 8817.210000000001
94.0 8836.0
94.1 8854.81
94.2 8873.640000000001
94.3 8892.49
94.4 8911.36
94.5 8930.25
94.6 8949.159999999998
94.7 8968.09
94.8 8987.039999999999
94.9 9006.01
95.0 9025.0
95.1 9044.009999999998
95.2 9063.04
95.3 9082.09
95.4 9101.160000000002
95.5 9120.25
95.6 9139.359999999999
95.7 9158.49
95.8 9177.64
95.9 9196.810000000001
96.0 9216.0
96.1 9235.21
96.2 9254.44
96.3 9273.689999999999
96.4 9292.960000000001
96.5 9312.25
96.6 9331.56
96.7 9350.890000000001
96.8 9370.24
96.9 9389.61
97.0 9409.0
97.1 9428.409999999998
97.2 9447.84
97.3 9467.289999999999
97.4 9486.76
97.5 9506.25
97.6 9525.759999999998
97.7 9545.29
97.8 9564.84
97.9 9584.410000000002
98.0 9604.0
98.1 9623.609999999999
98.2 9643.24
98.3 9662.89
98.4 9682.560000000001
98.5 9702.25
98.6 9721.96
98.7 9741.69
98.8 9761.439999999999
98.9 9781.210000000001
99.0 9801.0
99.1 9820.81
99.2 9840.640000000001
99.3 9860.49
99.4 9880.36
99.5 9900.25
99.6 9920.159999999998
99.7 9940.09
99.8 9960.039999999999
99.9 9980.010000000002
